0.264967        22.03
0.394173        42.13
0.285959        23.39
0.37851 46.14
Computing       35.52
0.103744        12.49
0.112101        13.45
0.146296        25.74
0.151831        30.93
0.108662        13.14
ERR ERR
0.162986        26.88
what(): 25.36
Checking        79.87
0.0846675       15.03
0.0995703       13.64
0.118963        25.57
0.152765        38.96
0.0937879       14.61
0.119765        15.66
0.147841        31.90
0.173088        37.18
terminate       109.21
0.131888        20.73
0.135183        21.81
0.1467  21.75
what(): 33.83
0.137534        30.24
0.31002 74.28
0.147316        17.75
0.206764        25.95
0.190694        33.18
0.389656        81.55
what(): 78.68
0.113628        13.63
0.113739        14.28
0.12792 48.16
0.17124 51.67
0.418213        137.96
0.0117341       6.11
0.023663        8.37
0.0120164       7.38
0.0277581       7.19
0.0153888       3.65
0.0154443       4.11
0.0304556       6.48
xargs: echo: Cannot allocate memory
Out     14.14
0.0120785       3.07
0.0193485       11.25
0.0132618       9.54
0.0242908       14.84
0.0123205       8.26
0.0266793       13.20
0.0151113       14.42
0.0322602       23.04
Computing       140.83
0.0188962       7.18
0.0111927       4.41
0.0119451       2.69
0.0215898       4.33
0.0246074       4.88
0.0135065       2.97
0.0249706       5.54
0.0247525       4.16
0.0128979       2.88
0.0147649       3.02
0.0266715       4.79
0.0144019       3.35
0.0303436       5.56
0.0342371       6.27
Running 99.91
0.0213579       3.80
0.0120518       3.67
0.0130549       2.84
0.0218711       4.38
0.0146359       3.08
0.0224189       5.02
0.0293347       5.28
0.0273066       4.32
0.0130475       3.07
0.0171946       3.26
0.0281815       5.92
0.0159863       3.57
0.0365153       6.39
0.0325844       6.15
what(): 286.72
0.0132735       2.72
0.0199838       5.51
0.0131374       4.52
0.0125552       3.40
0.0259428       7.57
0.01422 3.46
0.0251513       7.82
0.0285298       8.93
0.0144434       2.82
0.0299197       6.55
0.0162841       4.53
0.0188644       3.69
0.0322778       9.42
0.0170784       3.94
0.0322484       9.41
0.0365111       9.31
what(): 177.93
0.0123371       2.88
0.0126423       2.73
0.020914        4.85
0.0148331       2.91
0.0234175       4.51
0.0272005       4.88
0.0132985       3.03
0.0152407       3.19
0.0261909       4.79
0.016919        3.42
0.034521        5.71
0.0280637       5.55
Computing       57.23
0.0111766       2.43
0.0209214       4.42
0.0122862       2.93
0.0127825       3.90
0.0233817       7.26
0.0244006       10.88
0.01548 3.34
0.0274935       8.37
0.0132859       2.96
0.0268829       5.36
0.0170628       3.58
0.0185781       3.70
0.0312754       7.48
0.0166399       3.80
0.0373676       10.84
0.038395        8.74
what(): 79.46
0.0121211       3.29
0.024481        4.72
0.0138675       3.31
0.0154437       5.32
0.0261234       6.91
0.0141314       5.22
0.0304533       11.12
0.0310758       9.19
Out     13.32
0.00996506      19.05
0.00933021      18.64
0.0209639       20.68
0.022537        17.29
0.0123217       15.95
0.0198893       4.86
0.0135864       2.57
0.0119622       2.61
0.0269188       7.02
0.0140045       4.62
0.0234138       5.29
0.0299906       5.85
Computing       63.71
0.0116134       2.70
0.0130238       3.52
0.0162976       6.17
0.0179873       4.89
0.011822        2.45
0.023103        5.78
0.0138404       4.21
0.0118487       2.67
0.0262857       5.23
0.015295        3.69
0.0252367       6.07
0.0243621       6.47
Computing       73.01
0.00125757      2.52
0.00103062      1.90
0.00427143      0.83
0.00115762      0.87
0.00188641      1.26
0.00165498      0.90
0.00163921      0.86
0.00177658      1.57
0.00103675      1.50
0.00111754      1.40
0.00101463      1.86
0.00103428      0.86
0.0013821       0.64
0.00157096      1.99
0.00198285      1.64
0.00137251      0.55
0.00285114      0.71
0.00306133      0.76
0.00219383      0.82
0.002508        0.79
0.00612092      1.43
0.00114803      0.73
0.0011257       0.48
0.00114762      0.70
0.00105091      0.55
0.00131237      1.76
0.0010987       0.93
0.00121264      0.69
0.0014174       0.54
0.00612569      2.63
0.000665367     1.45
0.000657863     1.71
0.00087251      2.87
0.000767921     0.41
0.00114346      1.60
0.000941991     1.66
0.000773163     1.02
0.000724163     0.51
0.000602249     0.59
0.000622526     0.40
0.000512666     0.70
0.000624324     0.54
0.000895857     0.49
0.000892017     0.71
0.00109855      0.42
0.00096368      1.29
0.000700845     0.41
0.00117052      1.45
0.00128135      0.82
0.0010817       0.68
0.00142966      0.44
0.00146525      0.66
0.00139407      0.62
0.00140086      1.37
0.000925268     1.21
0.000903431     0.54
0.00109755      0.44
0.0010806       0.52
0.0015714       0.48
0.0013522       0.54
0.00129735      0.44
0.0014397       1.10
0.00127586      1.69
0.00123061      0.47
0.00133765      0.48
0.00165584      0.60
0.00122218      0.57
0.00121471      0.55
0.00201885      0.70
0.0020086       0.67
0.00166026      0.65
0.0020263       0.59
0.00278362      0.80
0.00279451      0.70
0.00204354      0.61
0.00210362      0.71
0.00289945      1.04
0.00340935      0.79
0.00822612      1.53
0.00125428      0.42
0.0011929       0.49
0.00101857      0.65
0.000928645     32.17
0.00152785      32.22
0.00152641      32.16
0.00133382      32.09
0.00166645      1.06
0.00110789      1.00
0.00113977      0.95
0.00124374      1.03
0.00122846      1.00
0.00181333      1.10
0.00164675      0.57
0.00144602      0.53
0.00136492      0.51
0.00509747      1.16

